30
3500 2.00 3.5 90 2560
3500 2.00 3.5 90 2560
3500 1.70 3.5 90 2560
3500 1.50 3.5 90 2560
3500 1.20 3.5 90 2560
3500 1.20 3.5 90 2560
3500 3.00 3.5 90 2560
3500 0.50 3.5 90 2560
3500 3.00 3.5 90 2560
3500 1.00 3.5 90 2560
3500 2.20 3.5 90 2560
3500 3.20 3.5 90 2560
3500 1.50 3.5 90 2560
3500 0.70 3.5 90 2560
3500 1.50 3.5 90 2560
3500 2.20 3.5 90 2560
3500 2.50 3.5 90 2560
3500 1.20 3.5 90 2560
3500 3.00 3.5 90 2560
3500 0.20 3.5 90 2560
3500 1.50 3.5 90 2560
3500 2.50 3.5 90 2560
3500 0.70 3.5 90 2560
3500 4.00 3.5 90 2560
3500 3.20 3.5 90 2560
3500 3.50 3.5 90 2560
3500 1.50 3.5 90 2560
3500 2.70 3.5 90 2560
3500 0.70 3.5 90 2560
3500 0.50 3.5 90 2560
