30
3054 1.60 3.5 30 2235
2403 2.20 3.5 90 2203
1840 2.90 3.5 30 929
3125 0.70 3.5 79 2955
2659 0.40 3.5 70 1188
3599 1.30 3.5 36 3429
2894 0.30 3.5 61 1225
3315 2.30 3.5 30 2189
3947 0.60 3.5 61 3777
3148 0.20 3.5 56 2978
3976 0.90 3.5 30 3806
2535 0.10 3.5 87 2365
2965 1.10 3.5 37 2499
3904 1.10 3.5 52 3734
2946 1.30 3.5 71 2237
3947 2.60 3.5 36 3777
3945 0.40 3.5 37 3505
3984 2.80 3.5 42 3814
3567 3.90 3.5 76 3100
3421 0.70 3.5 65 3251
2761 1.80 3.5 30 2555
2307 0.00 3.5 79 890
3421 1.40 3.5 30 3144
1347 0.60 3.5 40 658
3994 0.00 3.5 30 3214
3633 0.70 3.5 65 3082
3892 0.30 3.5 87 1854
3581 1.60 3.5 30 3411
880 3.60 3.5 90 710
2992 0.00 3.5 85 691
