34
5500 2.00 -300.0 60 2000
5500 2.00 -4.0 60 2000
5500 2.00 -3.75 60 2000
5500 2.00 -3.5 60 2000
5500 2.00 -3.25 60 2000
5500 2.00 -3.0 60 2000
5500 2.00 -2.75 60 2000
5500 2.00 -2.5 60 2000
5500 2.00 -2.25 60 2000
5500 2.00 -2.0 60 2000
5500 2.00 -1.75 60 2000
5500 2.00 -1.5 60 2000
5500 2.00 -1.25 60 2000
5500 2.00 -1.0 60 2000
5500 2.00 -0.75 60 2000
5500 2.00 -0.5 60 2000
5500 2.00 -0.25 60 2000
5500 2.00 0.0 60 2000
5500 2.00 0.25 60 2000
5500 2.00 0.5 60 2000
5500 2.00 0.75 60 2000
5500 2.00 1.0 60 2000
5500 2.00 1.25 60 2000
5500 2.00 1.5 60 2000
5500 2.00 1.75 60 2000
5500 2.00 2.0 60 2000
5500 2.00 2.25 60 2000
5500 2.00 2.5 60 2000
5500 2.00 2.75 60 2000
5500 2.00 3.0 60 2000
5500 2.00 3.25 60 2000
5500 2.00 3.5 60 2000
5500 2.00 3.75 60 2000
5500 2.00 4.0 60 2000
