40
6500 1.80 50.0 90 2000
5700 1.20 10.2 90 2000
5900 1.90 23.6 90 1500
5200 1.90 15.6 90 700
4700 1.80 11.3 90 400
5600 1.30 15.2 90 2000
5600 1.20 8.9 90 1900
5500 1.90 23.2 90 2000
5500 1.90 28.4 90 2000
3900 0.90 50.0 90 400
5500 1.30 28.6 90 2000
5500 1.40 19.9 90 1900
5300 1.30 11.9 90 800
5800 1.20 11.7 90 2000
5500 1.20 9.7 90 2000
6100 1.10 8.7 90 1900
5600 1.90 9.0 90 1900
3900 0.90 50.0 90 400
3900 0.90 49.9 90 400
6500 1.50 35.6 90 2000
6400 1.90 50.0 90 1900
6400 1.90 50.0 90 1900
5100 1.90 10.1 90 900
3900 1.90 50.0 90 400
4000 1.30 10.1 90 500
5900 1.10 8.7 90 2000
6300 1.50 35.1 90 1900
5600 1.20 9.4 90 2000
4200 0.90 49.8 90 400
5000 1.90 34.8 90 600
4900 1.90 10.4 90 400
3900 0.90 50.0 90 400
4400 0.90 50.0 90 400
5200 1.80 18.9 90 700
5600 1.90 8.1 90 2000
5500 1.40 24.2 90 2000
5000 1.90 10.8 90 1000
5400 1.20 9.6 90 1000
6500 1.90 50.0 90 2000
6200 1.90 50.0 90 2000
