40
3900 1.00 8 90 400
4900 1.30 8 90 900
5800 1.70 8 90 1300
5400 1.90 8 90 1800
5900 1.10 9 90 1800
4700 1.40 9 90 400
4400 1.80 9 90 900
5000 1.20 9 90 1300
5800 1.30 10 90 1300
5400 1.50 10 90 1800
4500 1.90 10 90 400
4900 0.90 10 90 900
4400 1.40 11 90 900
5300 1.70 11 90 1300
5900 1.00 11 90 1800
4000 1.00 11 90 400
4500 1.50 13 90 400
5200 1.80 13 90 900
5100 1.00 13 90 1300
5800 1.10 13 90 1800
5100 1.70 15 90 600
4700 1.90 15 90 1100
5700 1.00 15 90 1600
6300 1.30 15 90 2000
5500 1.80 20 90 2000
4600 1.00 20 90 600
5600 1.10 20 90 1100
5200 1.40 20 90 1600
5700 1.90 25 90 1600
6000 1.10 25 90 2000
4100 1.30 25 90 600
5100 1.00 25 90 1100
5500 1.30 35 90 1100
5200 1.00 35 90 1600
6100 1.40 35 90 2000
4900 1.70 35 90 600
5100 1.20 50 90 600
5100 1.10 50 90 1100
6100 1.50 50 90 1600
5600 1.80 50 90 2000
