40
4 1.00 8 90 0
5 1.30 8 90 1
6 1.70 8 90 1
5 1.90 8 90 2
6 1.10 9 90 2
5 1.40 9 90 0
4 1.80 9 90 1
5 1.20 9 90 1
6 1.30 10 90 1
5 1.50 10 90 2
4 1.90 10 90 0
5 0.90 10 90 1
4 1.40 11 90 1
5 1.70 11 90 1
6 1.00 11 90 2
4 1.00 11 90 0
4 1.50 13 90 0
5 1.80 13 90 1
5 1.00 13 90 1
6 1.10 13 90 2
5 1.70 15 90 1
5 1.90 15 90 1
6 1.00 15 90 2
6 1.30 15 90 2
6 1.80 20 90 2
5 1.00 20 90 1
6 1.10 20 90 1
5 1.40 20 90 2
6 1.90 25 90 2
6 1.10 25 90 2
4 1.30 25 90 1
5 1.00 25 90 1
6 1.30 35 90 1
5 1.00 35 90 2
6 1.40 35 90 2
5 1.70 35 90 1
5 1.20 50 90 1
5 1.10 50 90 1
6 1.50 50 90 2
6 1.80 50 90 2
